image: map-804.pgm
resolution: 0.050000
origin: [-2.371983, -5.338087, 0.000000]
negate: 0
occupied_thresh: 0.65
free_thresh: 0.196

